1
1000
499500
166167000
417124750
91250200
132324833
790126286
74425249
203316334
148648699
378382910
185058165
64420540
541648070
604333134
204258561
822966119
943094165
743077370
447944998
904099906
232445817
884000392
986182624
500569640
771361500
826151888
708778108
756286930
478486967
972011548
433724687
722590818
551332970
216789972
811175638
134413919
406331684
22848205
548928125
852951219
475719500
598587930
19287477
409751733
506802282
287008021
698305083
567070184
785674899
635120667
590952172
570238850
299832
5157110
87026231
441276527
174547671
786845865
340365982
244983984
710321951
575904603
431603328
215087923
47078909
656294044
4740339
64028926
851584715
154560351
994257862
639332821
8939527
110373360
343359973
120319676
423782832
945921153
889917273
107702360
207054498
290072640
166626320
795643636
465278220
888095322
213988965
192785798
951420688
514206880
80587542
786811700
591895871
644817464
78747967
733898579
762351192
945866416
522256408
653769972
762149066
644755934
561019930
787370069
648077469
414778105
429600442
515629305
176597370
415960894
301689596
370799657
885081541
818976046
248222419
875458276
551098794
84614590
621212114
517906283
731472317
221404018
565897772
965811586
707024902
865667435
904122427
111587258
747634628
965207071
354279884
312142400
19607916
125781150
800005108
45287688
283212135
756322736
651384826
972985463
885876850
315261100
876241407
172845823
12213552
70954921
408949646
338423479
919989204
178747174
998397044
533599302
934796161
102177756
553462845
975303447
203675986
78586039
413067867
155136697
803454869
130645277
666768883
378295673
902872812
508957635
523581606
577632521
823603676
997608485
808240895
868343705
127127839
600043400
812703437
783432949
622277061
857607509
911643138
130095984
585431928
616848727
738942445
259335324
136334887
593457743
566389069
433375259
849828079
603982952
544907334
281270082
170025547
702772260
886386067
617535014
504447556
32999698
132163790
526025034
80663377
317090516
238829123
927356009
578873918
220414931
840331924
184415712
694632515
600756809
235835482
872480562
208608421
762633576
771608135
787745520
829379551
961528807
413427264
459155049
611179203
132275425
458830380
582454999
997356744
400678942
358442202
208372838
698501991
328339970
88333779
291160267
954358652
110803095
359171049
157834098
505997549
613264152
944558415
978690437
69529097
216885002
672876829
76305643
234190083
714896042
170631933
515322143
548027717
637533018
894889803
645761156
899147966
630448559
834703814
416418823
199221649
570743102
626617840
776617630
190535986
534659915
492592262
368105301
17133068
47099894
128821725
350548337
949077164
556554722
491648501
311062669
825337811
178891821
469915109
228225772
593551198
535999874
380199675
974177103
483806159
227465802
574271056
442730091
106825227
265760320
657941347
620948924
522395465
274573127
666686120
610968508
469233793
122979857
292908105
694300693
637897272
497671856
162893236
378821479
876808655
19843040
45495391
103818990
235798032
533041805
199344061
446427476
995101244
207780895
458849476
8589263
18792432
40925740
88715607
191424211
411140679
878990417
870601481
844264819
780297553
637900126
332896250
692424200
433700414
893926847
834185268
703867781
431197821
872817341
758779521
522116276
42669329
84829173
167891071
330800211
648877336
267129193
519330578
5155957
9935016
19059010
36400492
69213689
131025914
246947976
463382265
865688357
610180344
129963600
239620387
439869718
803942676
462949207
838770332
513075893
921530165
647973164
153752217
272580107
481156597
845669170
479921047
836245988
450863940
778876670
339752532
581906775
992386959
685185402
158552736
266946697
447528286
747073885
241811643
400239960
659654748
82599612
134985155
219660882
355942633
574340854
922834132
476534611
759245558
204591143
323232914
508530959
796698502
242931166
377410918
583882539
899534774
380045754
580625457
883369712
338371699
510525721
767064895
147728022
220122102
326632796
482672720
710303558
40962110
59782538
86889816
125767166
181288768
260244216
372048163
529695689
751041955
60507435
85088580
119164821
166203566
230860323
319356780
439968960
603654094
824851220
122498004
166020824
224089140
301234581
403288352
537717802
714039220
944321010
243793182
319802603
417806626
543628851
704473167
909205643
168682139
215943877
275328443
349623419
442170794
556955537
698703229
872986506
86339710
107007157
132086959
162387530
198834508
242481107
294517981
356282237
429265162
515118194
615656613
732860388
868871595
25987809
30563923
35801558
41768484
48534437
56170242
64746773
74333741
84998324
96803646
109807120
124058682
139598941
156457287
174649994
194178368
215026992
237162123
260530298
285057208
310646894
337181316
364520341
392502192
420944379
449645132
478385336
506930963
535035965
562445594
588900090
614138665
637903704
659945092
680024557
697919940
713429272
726374561
736605188
744000822
748473772
749970719
748473771
744000820
736605185
726374557
713429267
697919935
680024552
659945086
637903698
614138658
588900083
562445587
535035958
506930956
478385329
449645125
420944372
392502184
364520332
337181307
310646885
285057199
260530288
237162113
215026982
194178358
174649984
156457277
139598931
124058672
109807110
96803636
84998314
74333731
64746763
56170232
48534427
41768475
35801550
30563915
25987802
22008120
18563018
15594300
13047707
10873089
9024465
7460004
6141934
5036385
4113200
3345700
2710440
2186943
1757435
1406580
1121223
890146
703836
554270
434721
339577
264182
204694
157958
121398
92921
70835
53779
40664
30622
22966
17154
12760
9453
6974
5124
3749
2732
1983
1433
1031
739
527
374
264
186
130
90
62
43
29
19
13
8
5
3
2
1
0
0
0
0
0
0
0
0
0
0
0
0
0
0
0
0
0
0
0
0
0
0
0
0
0
0
0
0
0
0
0
0
0
0
0
0
0
0
0
0
0
0
0
0
0
0
0
0
0
0
0
0
0
0
0
0
0
0
0
0
0
0
0
0
0
0
0
0
0
0
0
0
0
0
0
0
0
0
0
0
0
0
0
0
0
0
0
0
0
0
0
0
0
0
0
0
0
0
0
0
0
0
0
0
0
0
0
0
0
0
0
0
0
0
0
0
0
0
0
0
0
0
0
0
0
0
0
0
0
0
0
0
0
0
0
0
0
0
0
0
0
0
0
0
0
0
0
0
0
0
0
0
0
0
0
0
0
0
0
0
0
0
0
0
0
0
0
0
0
0
0
0
0
0
0
0
0
0
0
0
0
0
0
0
0
0
0
0
0
0
0
0
0
0
0
0
0
0
0
0
0
0
0
0
0
0
0
0
0
0
0
0
0
0
0
0
0
0
0
0
0
0
0
0
0
0
0
0
0
0
0
0
0
0
0
0
0
0
0
0
0
0
0
0
0
0
0
0
0
0
0
0
0
0
0
0
0
0
0
0
0
0
0
0
0
0
0
0
0
0
0
0
0
0
0
0
0
0
0
0
0
0
0
0
0
0
0
0
0
0
0
0
0
0
0
0
0
0
0
0
0
0
0
0
0
0
0
0
0
0
0
0
0
0
0
0
0
0
0
0
0
0
0
0
0
0
0
0
0
0
0
0
0
0
0
0
0
0
0
0
0
0
0
0
0
0
0
0
0
0
0
0
0
0
0
0
0
0
0
0
0
0
0
0
0
0
0
0
0
0
0
0
0
0
0
0
0
0
0
0
0
0
0
0
0
0
0
0
0
0
0
0
0
0
0
0
0
0
0
0
0
